20	-6.8198249489656
20.290906698750476	-6.844239570984195
20.586044732869844	-6.865596578733818
20.885475648548283	-6.8840481525808235
21.189261887185914	-6.899831603347566
21.49746679841394	-6.913248815418948
21.810154653305165	-6.924642249602302
22.12739065777668	-6.934370818622327
22.449240966187475	-6.9427883918230595
22.77577269513385	-6.950226732601462
23.107053937445478	-6.956983631898533
23.44315377638505	-6.96331611776565
23.784142300054445	-6.969438022503059
24.130090616010463	-6.975520892481138
24.481070866093134	-6.981697176137893
24.837156241469714	-6.988064738131076
25.1984209978975	-6.994691940680746
25.56494047120865	-7.0016227450488095
25.936791093020236	-7.008881478858374
26.3140504066728	-7.016477070619628
26.69679708340074	-7.024406667393636
27.08511093873791	-7.032658628833067
27.47907294916184	-7.041214938173469
27.878765268980047	-7.0500530959785594
28.284271247461966	-7.059147572549735
28.695675446220072	-7.068470895451997
29.11306365684382	-7.077994443647438
29.536522918790062	-7.087689012043609
29.966141537533712	-7.097525201640442
30.402009102982383	-7.1074736819386555
30.844216508158908	-7.117505364410115
31.29285596815558	-7.127591518844678
31.74802103936409	-7.1377038583089565
32.20980663898519	-7.147814613193304
32.67830906482211	-7.157896610257894
33.153626015361866	-7.167923368559933
33.63585661014871	-7.1778692205320525
34.125101410453844	-7.1877094631689085
34.62146244024586	-7.197420541204687
35.12504320746613	-7.206980261285505
35.635948725613716	-7.216368033485506
36.15428553564419	-7.2255651341052145
36.68016172818701	-7.234554981617973
37.21368696608603	-7.24332341597183
37.754972507267915	-7.251858970312808
38.30413122794313	-7.26015312365002
38.86127764614443	-7.268200523093977
39.4265279456077	-7.2759991650884555
40.000000000000206	-7.283550526497713
40.58181339750116	-7.290859638421429
41.1720894657399	-7.297935098068314
41.77095129709678	-7.304789016754781
42.37852377437204	-7.311436904904915
42.9949335968281	-7.317897497618092
43.62030930661056	-7.32419252672563
44.25478131555359	-7.330346447122181
44.89848193237519	-7.336386126378074
45.55154539026795	-7.342340507146722
46.21410787489121	-7.34824025162696
46.88630755277036	-7.3541173763372605
47.56828460010916	-7.360004883758942
48.260181232021196	-7.365936395077302
48.962141732186545	-7.37194578539879
49.674312482939705	-7.3780668195424095
50.39684199579528	-7.384332782916837
51.129880942417586	-7.390776098234102
51.873582186040764	-7.397427915025581
52.628100813345895	-7.404317655370704
53.393594166801776	-7.411472496240418
54.17022187747612	-7.41891676693905
54.95814589832399	-7.426671240051196
55.75753053796041	-7.43475229716978
56.56854249492426	-7.443170957939981
57.39135089244048	-7.4519317744088625
58.226127313687975	-7.4610316142366395
59.073045837580466	-7.470458387665389
59.932283075067765	-7.480189814786791
60.804018205965114	-7.490192379828679
61.68843301631817	-7.50042067225199
62.58571193631152	-7.510817359425518
63.49604207872855	-7.521314055688386
64.41961327797075	-7.531833326676969
65.35661812964459	-7.542291975788916
66.3072520307241	-7.5526055914205035
67.27171322029778	-7.562694099815756
68.25020282090806	-7.572487808522904
69.2429248804921	-7.581933206136124
70.25008641493265	-7.590997682368931
71.27189745122783	-7.599672407086931
72.30857107128878	-7.607972867465702
73.36032345637442	-7.615936955563253
74.42737393217246	-7.623620921457064
75.50994501453623	-7.631093845316778
76.60826245588666	-7.638431453426102
77.72255529228926	-7.645710086213284
78.85305589121582	-7.6530014577837875
80.00000000000082	-7.660368598096348
81.16362679500274	-7.667863115731727
82.34417893148023	-7.675523715456658
83.541902594194	-7.6833757752073915
84.75704754874454	-7.691431730753355
85.98986719365665	-7.699692016752909
87.24061861322157	-7.708146348712865
88.50956263110764	-7.716775182141767
89.79696386475084	-7.7255512389279675
91.10309078053635	-7.734441038486918
92.42821574978288	-7.7434064089410395
93.77261510554118	-7.752405981061477
95.13656920021877	-7.761396686083676
96.52036246404286	-7.770335289645896
97.92428346437356	-7.779179999825207
99.34862496587989	-7.787892189139092
100.79368399159105	-7.796438269607428
102.25976188483567	-7.804791514713775
103.74716437208203	-7.8129329655464606
105.25620162669229	-7.8208516675038675
106.78718833360406	-7.828544809696114
108.34044375495276	-7.836017358437249
109.9162917966485	-7.84328134415429
111.51506107592134	-7.850354959900998
113.13708498984903	-7.857261714979089
114.78270178488147	-7.864029375851661
116.45225462737648	-7.870688675987726
118.14609167516147	-7.8772721216622426
119.86456615013608	-7.88381287566175
121.60803641193078	-7.8903434336415685
123.3768660326369	-7.896894337016305
125.17142387262359	-7.903492900445819
126.99208415745765	-7.910161844574062
128.83922655594208	-7.916918645568618
130.71323625928977	-7.923775323960572
132.61450406144883	-7.930738954126547
134.5434264405962	-7.937812044351052
136.50040564181674	-7.944992873994466
138.48584976098482	-7.952275876569498
140.50017282986593	-7.959652165388722
142.5437949024563	-7.967110300423194
144.61714214257822	-7.974636502503092
146.7206469127495	-7.982215112296695
148.8547478643456	-7.989829094879437
151.01989002907314	-7.99746018246499
153.216524911774	-8.005089068620432
155.4451105845792	-8.012696081012505
157.70611178243232	-8.020261923085304
160.00000000000236	-8.027768061850587
162.3272535900062	-8.035197083608391
164.6883578629612	-8.042533018023443
167.08380518838874	-8.04976129875304
169.51409509748981	-8.056868690476067
171.97973438731407	-8.063843295265858
174.4812372264439	-8.070674641263732
177.01912526221608	-8.077353737794166
179.5939277295025	-8.08387286100017
182.20618156107355	-8.090225654847526
184.85643149956664	-8.096406950602173
187.54523021108326	-8.102412539643902
190.27313840043846	-8.108239017782186
193.04072492808663	-8.11388357465222
195.84856692874806	-8.119343345977658
198.69724993176072	-8.124614827853957
201.58736798318304	-8.12969374035399
204.5195237696723	-8.134574704388623
207.49432874416505	-8.139251395608614
210.5124032533856	-8.14371692759182
213.57437666720915	-8.147964209568453
216.68088750990657	-8.151986016657187
219.83258359329807	-8.155775471059666
223.03012215184378	-8.159326255798565
226.2741699796992	-8.162632856270303
229.5654035697641	-8.165690843549093
232.90450925475412	-8.168496928016618
236.2921833503241	-8.171049533164801
239.72913230027333	-8.173349171421354
243.21607282386276	-8.175398784602049
246.75373206527502	-8.17720375287002
250.34284774524843	-8.178772044025743
253.9841683149166	-8.180114515306991
257.67845311188546	-8.181244901725638
261.42647251858085	-8.182179810077072
265.22900812289896	-8.182938391352703
269.08685288119375	-8.183542013186212
273.0008112836349	-8.184013590050004
276.97169952197106	-8.18437707061165
281.00034565973334	-8.184657076817935
285.0875898049141	-8.184878163868131
289.23428428515797	-8.185064216043479
293.44129382550057	-8.185238153629943
297.7094957286928	-8.185421767080124
302.0397800581479	-8.185634925955052
306.4330498235497	-8.18589432545004
310.89022116916016	-8.186212893915952
315.41222356486645	-8.186598907975622
320.00000000000654	-8.187055205832918
324.6545071800142	-8.187578707900276
329.3767157259242	-8.188160271464408
334.16761037677935	-8.188784914574924
339.02819019498156	-8.189432453398679
343.95946877463007	-8.190078390521762
348.9624744528898	-8.190694461696497
354.03825052443415	-8.191249312921828
359.187855459007	-8.191708921831776
364.4123631221491	-8.192037493023427
369.71286299913527	-8.1921986717719
375.0904604221685	-8.192155763454677
380.54627680087896	-8.191872168581707
386.08144985617537	-8.191311868230569
391.6971338574982	-8.190440520370462
397.3944998635236	-8.189226768422884
403.1747359663683	-8.187644086491922
409.0390475393468	-8.185671451630714
414.9886574883323	-8.183292858100037
421.0248065067734	-8.1804972422674
427.1487533344206	-8.177277528986515
433.3617750198154	-8.173629341117355
439.6651671865984	-8.169549932554999
446.06024430368984	-8.16503792644067
452.54833995940066	-8.160092480561415
459.13080713953053	-8.154713317824626
465.8090185095106	-8.148901063998327
472.58436670065066	-8.142657607312078
479.45826460054917	-8.135986781217944
486.432145647728	-8.128895979105655
493.50746413055253	-8.121397141729496
500.6856954904994	-8.113508654998132
507.9683366298358	-8.105257143656441
515.3569062237735	-8.096677749344469
522.8529450371643	-8.087813377684029
530.4580162458005	-8.078712029020442
538.1737057623901	-8.06942335184264
546.0016225672724	-8.059995955389148
553.9433990439449	-8.050475291103828
562.0006913194694	-8.040900800469263
570.1751796098309	-8.031303566552893
578.4685685703187	-8.021705388482765
586.8825876510039	-8.012116407030355
595.4189914573883	-8.00253143722866
604.0795601162986	-7.992928381835753
612.8660996471021	-7.983265845295691
621.780442338323	-7.97348194085623
630.8244471297356	-7.963494716135489
640.0000000000159	-7.953202951751994
649.3090143600314	-7.94248903339447
658.7534314518515	-7.93122603164484
668.3352207535618	-7.919288808207532
678.0563803899662	-7.906565940684841
687.9189375492632	-7.892968871210778
697.9249489057827	-7.878441039356623
708.0765010488715	-7.862964104041913
718.3757109180171	-7.846560919150257
728.8247262443015	-7.8292937555569715
739.425725998274	-7.811259209077976
750.1809208443404	-7.792580107454384
761.0925536017613	-7.773393384719561
772.1628997123541	-7.753835577800903
783.3942677149998	-7.734025338138295
794.7889997270506	-7.714044947631453
806.34947193274	-7.693922762879006
818.0780950786972	-7.6736220940831235
829.9773149766683	-7.6530418117290795
842.0496130135506	-7.632031903974244
854.2975066688449	-7.610413082417995
866.7235500396347	-7.587995294805392
879.3303343732008	-7.5645942116458915
892.1204886073838	-7.540043446307759
905.0966799188055	-7.514202337377491
918.2616142790653	-7.486959446299618
931.6180370190256	-7.458229717625693
945.1687334013056	-7.427945517812702
958.9165292011028	-7.396048059658286
972.8642912954606	-7.362478408179493
987.0149282611097	-7.327176542907846
1001.3713909810035	-7.290089835127918
1015.9366732596762	-7.251188238322024
1030.7138124475518	-7.210472230777176
1045.7058900743334	-7.167968207042566
1060.916032491606	-7.123717941889481
1076.3474115247852	-7.077773777967287
1092.0032451345498	-7.030201899657526
1107.8867980878947	-6.9810925041344785
1124.0013826389438	-6.930571707533533
1140.350359219667	-6.8788080932523235
1156.9371371406426	-6.82601436398559
1173.765175302013	-6.772444608937197
1190.837982914782	-6.718381464528457
1208.1591202326028	-6.664119632283126
1225.73219929421	-6.609940160462042
1243.5608846766518	-6.556077055652124
1261.648894259477	-6.502681235653821
1280.0000000000375	-6.449790993697368
1298.6180287200684	-6.397326195877793
1317.5068629037087	-6.345102040158368
1336.6704415071292	-6.292852564230457
1356.112760779938	-6.240248991980886
1375.8378750985323	-6.186922062546884
1395.8498978115715	-6.132484035961611
1416.153002097749	-6.076549411126775
1436.7514218360407	-6.018755303186867
1457.6494524886093	-5.958780332266462
1478.8514519965543	-5.896358763256341
1500.3618416886875	-5.831295965360471
1522.1851072035295	-5.7634758537216095
1544.3257994247153	-5.69285861202805
1566.788535430007	-5.619474127120461
1589.5779994541087	-5.543407389159419
1612.6989438654878	-5.464772980239065
1636.156190157402	-5.383687546631611
1659.9546299533442	-5.30024303337135
1684.099226027109	-5.214474762840444
1708.5950133376978	-5.126334777220579
1733.4471000792773	-5.035663133950122
1758.6606687464096	-4.942158353171565
1784.2409772147755	-4.845355929320286
1810.193359837619	-4.744613568099101
1836.5232285581387	-4.639108565060669
1863.2360740380593	-4.527860017105983
1890.3374668026197	-4.409775763937075
1917.833058402214	-4.283724392065321
1945.7285825909298	-4.14864772444453
1974.0298565222283	-4.003723244545151
2002.7427819620161	-3.8485695329788068
2031.8733465193618	-3.6834444976576814
2061.4276248951132	-3.509310427412246
2091.411780148677	-3.3277022180544336
2121.832064983222	-3.1404914004504767
2152.694823049581	-2.9496385349492575
2184.0064902691106	-2.7569714099235885
2215.7735961758003	-2.5640047995628974
2248.002765277899	-2.3717881143953834
2280.7007184393456	-2.1807947281970863
2313.874274281297	-1.990851128052765
2347.530350604038	-1.801141072479228
2381.6759658295764	-1.6103322959935793
2416.318240465218	-1.4168236342818223
2451.4643985884327	-1.2191163269891632
2487.1217693533167	-1.0162247781198603
2523.2977885189675	-0.8080310919203568
2560.0000000000887	-0.595498442412346
2597.236057440151	-0.38075199696068873
2635.0137258074315	-0.16701164991189943
2673.340883014273	0.04162536208193801
2712.225521559891	0.24050543812549785
2751.6757501970797	0.42475413009957963
2791.699795623158	0.5896152687613974
2832.3060041955137	0.7308044352340319
2873.502843672097	0.8448840172221423
2915.2989049772345	0.9296145649582188
2957.7029039931244	0.9841756901294194
3000.723683377391	1.0092015918763697
3044.370214407075	1.006603390617356
3088.6515988494466	0.9792301819478211
3133.57707086003	0.9305051903366222
3179.1559989082334	0.8641822862015078
3225.3978877309914	0.7841433745446231
3272.3123803148205	0.6940324101555002
3319.9092599067053	0.5968070376106764
3368.198452054235	0.49446793467045946
3417.190026675413	0.3880748868450752
3466.8942001585724	0.2779510126674287
3517.3213374928373	0.1639627092144238
3568.4819544295697	0.045821212143369205
3620.386719675257	-0.07668668334015982
3673.0464571162966	-0.20352386685093937
3726.472148076138	-0.33429371808729647
3780.6749336052594	-0.4681920121839258
3835.6661168044484	-0.6040032520950769
3891.45716518188	-0.7401822191910491
3948.059713044477	-0.8750487663528733
4005.4855639240527	-1.007090430530058
4063.746693038744	-1.1353661149125602
4122.855249790247	-1.2597202892694792
4182.823560297375	-1.3806303274841403
4243.664129966465	-1.498857770523042
4305.389646099183	-1.6151486021875596
4368.012980538242	-1.7300677244048355
4431.5471923516225	-1.8439268137025908
4496.00553055582	-1.9567989709949343
4561.401436878714	-2.0685645740757055
4627.748548562617	-2.1789416582649825
4695.060701208099	-2.287525814209384
4763.351931659176	-2.393822298689428
4832.63648093046	-2.4972833391426814
4902.928797176889	-2.597371015746978
4974.243538706657	-2.6936236147165857
5046.595577037959	-2.7857137533600915
5120.000000000202	-2.8735298078774143
5194.472114880326	-2.9571731925879927
5270.027451614888	-3.036886856153365
5346.6817660285715	-3.1129435187286774
5424.451043119808	-3.1855870375401776
5503.351500394186	-3.2550228832017485
5583.399591246343	-3.3213958791112113
5664.612008391055	-3.3847692773119036
5747.005687344222	-3.4450625170326528
5830.597809954497	-3.5019598282419686
5915.405807986278	-3.554717273028577
6001.447366754812	-3.6020126898839138
6088.740428814181	-3.6419352823290323
6177.303197698925	-3.6721383111182515
6267.154141720092	-3.690366076024352
6358.3119978165005	-3.6955103303689176
6450.795775462017	-3.6885956944471165
6544.624760629676	-3.672670328727592
6639.818519813445	-3.651661596272277
6736.396904108505	-3.629317572847257
6834.380053350861	-3.608588184291189
6933.788400317181	-3.591518145862528
7034.642674985712	-3.5793287826958156
7136.963908859177	-3.5725728546430657
7240.773439350552	-3.571306693763885
7346.092914232631	-3.5752664138344796
7452.944296152315	-3.5841317284741274
7561.349867210557	-3.5980796054512387
7671.332233608935	-3.6184176730976727
7782.914330363799	-3.648085601430071
7896.119426088994	-3.691711142603915
8010.971127848146	-3.754211912882124
8127.49338607753	-3.8382678015752894
8245.710499580537	-3.9427007340569946
8365.647120594791	-4.0638571375747
8487.328259932974	-4.197932694819714
8610.77929219841	-4.342272972495386
8736.025961076528	-4.495619543950481
8863.094384703289	-4.657686213097453
8992.011061111683	-4.828552725284917
9122.802873757471	-5.008346668363326
9255.497097125279	-5.197004363711899
9390.121402416245	-5.394015259364998
9526.7038633184	-5.598260661721372
9665.272961860968	-5.80793295541313
9805.857594353829	-6.02049861827593
9948.487077413367	-6.233103339891727
10093.19115407597	-6.443547483344764
10240.000000000457	-6.651173116249105
10388.944229760706	-6.856687818916851
10540.05490322983	-7.061205805966754
10693.363532057198	-7.265533542524121
10848.902086239672	-7.469910750980902
11006.703000788428	-7.674142305293147
11166.799182492743	-7.877773943738852
11329.224016782166	-8.080251152898914
11494.0113746885	-8.281107261977095
11661.195619909053	-8.47997470022668
11830.811615972614	-8.676250011356679
12002.894733509682	-8.868778588632633
12177.48085762842	-9.055751417763858
12354.606395397908	-9.23470622865962
12534.308283440243	-9.403222979048401
12716.62399563306	-9.560429118289864
12901.591550924093	-9.707984492686673
13089.249521259411	-9.848889439064505
13279.637039626952	-9.9854684427158
13472.793808217073	-10.118970052266011
13668.760106701786	-10.249951064182762
13867.576800634426	-10.378607975716225
14069.285349971487	-10.505065518639093
14273.927817718419	-10.629531168157477
14481.54687870117	-10.752162046110506
14692.18582846533	-10.872717164304065
14905.888592304698	-10.99082468638903
15122.699734421185	-11.106641260879748
15342.664467217943	-11.221881119889991
15565.828660727671	-11.342284646745469
15792.238852178061	-11.479311267818183
16021.942255696367	-11.647661212625634
16254.986772155136	-11.856004795850101
16491.42099916115	-12.099926872500259
16731.294241189662	-12.36767461655275
16974.65651986603	-12.649568259367568
17221.558584396902	-12.940541443727636
17472.051922153143	-13.238654914892948
17726.188769406665	-13.543226804712788
17984.022122223458	-13.853913142075426
18245.605747515034	-14.17060741391275
18510.99419425065	-14.493588862152109
18780.242804832582	-14.823318434473682
19053.40772663689	-15.157729477316737
19330.545923722028	-15.486738427055291
19611.71518870775	-15.786681736580109
19896.974154826825	-16.029555285558935
20186.382308152035	-16.218338256047517