20	64.56259660858323
20.290906698750476	64.52734841168974
20.586044732869844	64.48670441805291
20.885475648548283	64.45314666732979
21.189261887185914	64.43818713022421
21.49746679841394	64.46467587196754
21.810154653305165	64.4588009544758
22.12739065777668	64.43227436377315
22.449240966187475	64.41791609523086
22.77577269513385	64.40389628822848
23.107053937445478	64.3896829415638
23.44315377638505	64.37278816459948
23.784142300054445	64.35522497401729
24.130090616010463	64.3311385761229
24.481070866093134	64.29504292357566
24.837156241469714	64.25186914752932
25.1984209978975	64.20506546808811
25.56494047120865	64.17496685272566
25.936791093020236	64.14083859482517
26.3140504066728	64.14981570371245
26.69679708340074	64.15864034365629
27.08511093873791	64.13768571219858
27.47907294916184	64.11426694387653
27.878765268980047	64.08799120160117
28.284271247461966	64.06424470735392
28.695675446220072	64.04086062226426
29.11306365684382	64.01998220611841
29.536522918790062	63.998982567839306
29.966141537533712	63.97993301111812
30.402009102982383	63.960946692677524
30.844216508158908	63.937761953228076
31.29285596815558	63.91154792832556
31.74802103936409	63.890558953921044
32.20980663898519	63.869648301085434
32.67830906482211	63.85207518976287
33.153626015361866	63.83481796829596
33.63585661014871	63.81621093035517
34.125101410453844	63.79553432363672
34.62146244024586	63.77476555069897
35.12504320746613	63.75414492224456
35.635948725613716	63.73282078199949
36.15428553564419	63.709878461926024
36.68016172818701	63.686853320615604
37.21368696608603	63.6639017511329
37.754972507267915	63.64216417308059
38.30413122794313	63.62159290858431
38.86127764614443	63.59996947018941
39.4265279456077	63.57707419376422
40.000000000000206	63.5555915597147
40.58181339750116	63.53508199510731
41.1720894657399	63.515588983996935
41.77095129709678	63.49709699384984
42.37852377437204	63.47805151576776
42.9949335968281	63.45773702639213
43.62030930661056	63.43686601699835
44.25478131555359	63.41424506974877
44.89848193237519	63.391494713477755
45.55154539026795	63.36887745749159
46.21410787489121	63.347235932477716
46.88630755277036	63.3270096795432
47.56828460010916	63.30588029236753
48.260181232021196	63.28334637469698
48.962141732186545	63.26198860948414
49.674312482939705	63.2418525651602
50.39684199579528	63.22170997690483
51.129880942417586	63.201655471187934
51.873582186040764	63.18071174515433
52.628100813345895	63.15835853792284
53.393594166801776	63.13716953775413
54.17022187747612	63.11722253304282
54.95814589832399	63.09808126469052
55.75753053796041	63.08017453852818
56.56854249492426	63.06150412097153
57.39135089244048	63.039427919363305
58.226127313687975	63.017883717789275
59.073045837580466	62.99821644578462
59.932283075067765	62.97881396735973
60.804018205965114	62.96119223416783
61.68843301631817	62.94333221017817
62.58571193631152	62.92181787648448
63.49604207872855	62.899794251779596
64.41961327797075	62.87806739714418
65.35661812964459	62.85617241636645
66.3072520307241	62.83448943242644
67.27171322029778	62.81418261617403
68.25020282090806	62.79687920665788
69.2429248804921	62.779385454538776
70.25008641493265	62.76226068460479
71.27189745122783	62.74490929811483
72.30857107128878	62.72631274129135
73.36032345637442	62.7071865053256
74.42737393217246	62.68657721677934
75.50994501453623	62.665194516807404
76.60826245588666	62.6440691745366
77.72255529228926	62.62276207369355
78.85305589121582	62.60413817450079
80.00000000000082	62.585318553319695
81.16362679500274	62.566841444289125
82.34417893148023	62.548183196630006
83.541902594194	62.52982734174158
84.75704754874454	62.511340553274096
85.98986719365665	62.49311569759257
87.24061861322157	62.47481188364981
88.50956263110764	62.45673137650154
89.79696386475084	62.43862271827661
91.10309078053635	62.41920871103082
92.42821574978288	62.39891941817103
93.77261510554118	62.382178198794
95.13656920021877	62.36640774054081
96.52036246404286	62.34983203852619
97.92428346437356	62.33241243719722
99.34862496587989	62.315072615793326
100.79368399159105	62.29792356714078
102.25976188483567	62.280001621163045
103.74716437208203	62.26076736132819
105.25620162669229	62.24278962100722
106.78718833360406	62.226197284028245
108.34044375495276	62.208746294716484
109.9162917966485	62.19012132092903
111.51506107592134	62.17403759605422
113.13708498984903	62.16006354800308
114.78270178488147	62.1456423407384
116.45225462737648	62.13016832409616
118.14609167516147	62.11422732979511
119.86456615013608	62.09676681772384
121.60803641193078	62.0793528781018
123.3768660326369	62.06218206096575
125.17142387262359	62.04622809240638
126.99208415745765	62.03165058637103
128.83922655594208	62.01709480371436
130.71323625928977	62.002640570195496
132.61450406144883	61.98727278599664
134.5434264405962	61.97032344600645
136.50040564181674	61.95425179383861
138.48584976098482	61.9391895037885
140.50017282986593	61.92447832982788
142.5437949024563	61.91057586578201
144.61714214257822	61.89654829236029
146.7206469127495	61.886761475896925
148.8547478643456	61.876113635006774
151.01989002907314	61.86460978725917
153.216524911774	61.85517321404966
155.4451105845792	61.844895529911355
157.70611178243232	61.83381835567442
160.00000000000236	61.8219839976537
162.3272535900062	61.80944081359474
164.6883578629612	61.796309110218274
167.08380518838874	61.782669387712914
169.51409509748981	61.76962045175925
171.97973438731407	61.75654075946614
174.4812372264439	61.74318009310183
177.01912526221608	61.729612405108
179.5939277295025	61.716466669435974
182.20618156107355	61.703165418590046
184.85643149956664	61.68972675944499
187.54523021108326	61.676552633189274
190.27313840043846	61.66413210587912
193.04072492808663	61.651606681984774
195.84856692874806	61.63896745829145
198.69724993176072	61.62665517196429
201.58736798318304	61.61496607015162
204.5195237696723	61.60314564164814
207.49432874416505	61.59118020479656
210.5124032533856	61.57858138402506
213.57437666720915	61.56424249162694
216.68088750990657	61.54967979964816
219.83258359329807	61.534879788253235
223.03012215184378	61.521773315180496
226.2741699796992	61.50859476372891
229.5654035697641	61.495162143153806
232.90450925475412	61.481584186534306
236.2921833503241	61.468241445255416
239.72913230027333	61.45461634423587
243.21607282386276	61.440696262198806
246.75373206527502	61.42676759398402
250.34284774524843	61.41287083509091
253.9841683149166	61.3986616392281
257.67845311188546	61.38413391626395
261.42647251858085	61.370211898320505
265.22900812289896	61.356307230414046
269.08685288119375	61.342090074440094
273.0008112836349	61.327561179681396
276.97169952197106	61.3127319940952
281.00034565973334	61.29759673177522
285.0875898049141	61.28215847490853
289.23428428515797	61.26651823409728
293.44129382550057	61.25175701428863
297.7094957286928	61.236735843071045
302.0397800581479	61.22146679611154
306.4330498235497	61.205869982480834
310.89022116916016	61.189469487142844
315.41222356486645	61.172862294067336
320.00000000000654	61.15606813442859
324.6545071800142	61.139503320408
329.3767157259242	61.12304549580331
334.16761037677935	61.10647834093193
339.02819019498156	61.08996224103626
343.95946877463007	61.07458887114349
348.9624744528898	61.05920075575761
354.03825052443415	61.04382279406995
359.187855459007	61.02871472124447
364.4123631221491	61.01406560639345
369.71286299913527	60.999499293165165
375.0904604221685	60.98503289391049
380.54627680087896	60.97109030411664
386.08144985617537	60.95750375356859
391.6971338574982	60.944055447164516
397.3944998635236	60.93074526708885
403.1747359663683	60.91815857631492
409.0390475393468	60.90576012315404
414.9886574883323	60.89348704325418
421.0248065067734	60.88144298919938
427.1487533344206	60.87000632175118
433.3617750198154	60.85864044544836
439.6651671865984	60.847317176608
446.06024430368984	60.8365882131588
452.54833995940066	60.82652263787436
459.13080713953053	60.816416458019035
465.8090185095106	60.806230170189316
472.58436670065066	60.796263311285436
479.45826460054917	60.78644501532456
486.432145647728	60.776439528607156
493.50746413055253	60.76620870098227
500.6856954904994	60.75530943477433
507.9683366298358	60.74382808762165
515.3569062237735	60.732002821922634
522.8529450371643	60.71984893087879
530.4580162458005	60.70788109238468
538.1737057623901	60.69548960691476
546.0016225672724	60.682649583876945
553.9433990439449	60.670731109645686
562.0006913194694	60.65947338800454
570.1751796098309	60.64774885768608
578.4685685703187	60.63554629572797
586.8825876510039	60.62263391880926
595.4189914573883	60.6089044670871
604.0795601162986	60.59467529231803
612.8660996471021	60.579949429594635
621.780442338323	60.5651696754024
630.8244471297356	60.550116660744585
640.0000000000159	60.53460690171797
649.3090143600314	60.51865784978111
658.7534314518515	60.50349991848282
668.3352207535618	60.488020481787565
678.0563803899662	60.47219883733767
687.9189375492632	60.4560681385795
697.9249489057827	60.43968025439557
708.0765010488715	60.423060590976284
718.3757109180171	60.406254826819676
728.8247262443015	60.389292577424776
739.425725998274	60.37219897900468
750.1809208443404	60.35506617822128
761.0925536017613	60.33794774104598
772.1628997123541	60.32241197193495
783.3942677149998	60.307463158550405
794.7889997270506	60.29271774587352
806.34947193274	60.27822546199852
818.0780950786972	60.264049412944615
829.9773149766683	60.250223169743876
842.0496130135506	60.236785875797636
854.2975066688449	60.22417840525715
866.7235500396347	60.2152255958589
879.3303343732008	60.20680159383648
892.1204886073838	60.19892332506653
905.0966799188055	60.191598118417595
918.2616142790653	60.18760850319251
931.6180370190256	60.20098817283754
945.1687334013056	60.21518413301442
958.9165292011028	60.23017901270181
972.8642912954606	60.24597153886677
987.0149282611097	60.277844140259965
1001.3713909810035	60.31347667023686
1015.9366732596762	60.356119212754216
1030.7138124475518	60.40622293691315
1045.7058900743334	60.466565985114826
1060.916032491606	60.52728236472964
1076.3474115247852	60.59863278256192
1092.0032451345498	60.662906486488545
1107.8867980878947	60.742012962730854
1124.0013826389438	60.82122862768761
1140.350359219667	60.91516739469798
1156.9371371406426	60.99455813465818
1173.765175302013	61.08849808672623
1190.837982914782	61.179554136117076
1208.1591202326028	61.26151604198038
1225.73219929421	61.35515855020891
1243.5608846766518	61.4486224704941
1261.648894259477	61.54187468800346
1280.0000000000375	61.64043708603829
1298.6180287200684	61.73192648993557
1317.5068629037087	61.823124529224735
1336.6704415071292	61.91400748665126
1356.112760779938	62.00455715167476
1375.8378750985323	62.09544862811012
1395.8498978115715	62.201109163098266
1416.153002097749	62.295916977364655
1436.7514218360407	62.384973070757745
1457.6494524886093	62.473632077042694
1478.8514519965543	62.57610607905381
1500.3618416886875	62.6651884941674
1522.1851072035295	62.75385092278587
1544.3257994247153	62.84601202853747
1566.788535430007	62.93257444878613
1589.5779994541087	63.01870870528852
1612.6989438654878	63.11882213128392
1636.156190157402	63.2115738347818
1659.9546299533442	63.296404643664154
1684.099226027109	63.38080511038565
1708.5950133376978	63.47688850292051
1733.4471000792773	63.570229824787134
1758.6606687464096	63.6533388611843
1784.2409772147755	63.73602723051965
1810.193359837619	63.828109448933546
1836.5232285581387	63.922089039405265
1863.2360740380593	64.0035346307751
1890.3374668026197	64.08458407690483
1917.833058402214	64.18720761664926
1945.7285825909298	64.26894300888003
1974.0298565222283	64.36931572845091
2002.7427819620161	64.5146761292514
2031.8733465193618	64.66601163575892
2061.4276248951132	64.82890596063136
2091.411780148677	64.99150027570512
2121.832064983222	65.11489942457943
2152.694823049581	65.25878110856752
2184.0064902691106	65.40246304863892
2215.7735961758003	65.54597513138776
2248.002765277899	65.66939252754112
2280.7007184393456	65.83082075020917
2313.874274281297	65.95383067531301
2347.530350604038	66.10966148804854
2381.6759658295764	66.2401845696971
2416.318240465218	66.38348226753412
2451.4643985884327	66.50640259901961
2487.1217693533167	66.66820087062395
2523.2977885189675	66.79247112914312
2560.0000000000887	66.93665259652299
2597.236057440151	67.06765192117821
2635.0137258074315	67.2042943918386
2673.340883014273	67.349826067976
2712.225521559891	67.4739468182101
2751.6757501970797	67.59867137211688
2791.699795623158	67.7240533182243
2832.3060041955137	67.8501391810481
2873.502843672097	67.95505650076663
2915.2989049772345	68.05329006117796
2957.7029039931244	68.10780119731342
3000.723683377391	68.15153928783468
3044.370214407075	68.14690040713477
3088.6515988494466	68.09694417563573
3133.57707086003	68.0022048006855
3179.1559989082334	67.90095232392301
3225.3978877309914	67.80042304836554
3272.3123803148205	67.67873213166264
3319.9092599067053	67.53580633706419
3368.198452054235	67.3715958704389
3417.190026675413	67.2050903327981
3466.8942001585724	67.0230406847594
3517.3213374928373	66.84314825803534
3568.4819544295697	66.65453572134189
3620.386719675257	66.48298201337548
3673.0464571162966	66.2875702004109
3726.472148076138	66.12412227385498
3780.6749336052594	65.96556181301894
3835.6661168044484	65.76615656504042
3891.45716518188	65.60930692240922
3948.059713044477	65.45252328512606
4005.4855639240527	65.27936532067748
4063.746693038744	65.13898914249168
4122.855249790247	64.98217340198141
4182.823560297375	64.82528329885841
4243.664129966465	64.62441855129015
4305.389646099183	64.46727328348511
4368.012980538242	64.26610490862966
4431.5471923516225	64.10981094422114
4496.00553055582	63.992246848840594
4561.401436878714	63.85256379073611
4627.748548562617	63.722675460182444
4695.060701208099	63.61904083971368
4763.351931659176	63.54318000530152
4832.63648093046	63.48173690620253
4902.928797176889	63.39178417672279
4974.243538706657	63.294539943395094
5046.595577037959	63.19702264435251
5120.000000000202	63.09925887127662
5194.472114880326	63.00126921067948
5270.027451614888	62.92495410657558
5346.6817660285715	62.84839773194101
5424.451043119808	62.776439876148174
5503.351500394186	62.712781837789706
5583.399591246343	62.648924334727205
5664.612008391055	62.596326419247106
5747.005687344222	62.53869940756877
5830.597809954497	62.491839813864345
5915.405807986278	62.4505542941904
6001.447366754812	62.417479598718046
6088.740428814181	62.39193052784355
6177.303197698925	62.37806889681698
6267.154141720092	62.3637455038392
6358.3119978165005	62.38440710377785
6450.795775462017	62.40549338629811
6544.624760629676	62.42862295608545
6639.818519813445	62.456546319314995
6736.396904108505	62.48950586960839
6834.380053350861	62.52801087877026
6933.788400317181	62.56224348893738
7034.642674985712	62.582512706992105
7136.963908859177	62.597891400026874
7240.773439350552	62.61331129261317
7346.092914232631	62.62843496499748
7452.944296152315	62.6202428531246
7561.349867210557	62.61176724827838
7671.332233608935	62.60301029856397
7782.914330363799	62.58230700986471
7896.119426088994	62.509501249725794
8010.971127848146	62.425779747403325
8127.49338607753	62.3016430980868
8245.710499580537	62.17644176746955
8365.647120594791	62.017556091294146
8487.328259932974	61.85205928222107
8610.77929219841	61.64677543307217
8736.025961076528	61.47694851954915
8863.094384703289	61.26736040368125
8992.011061111683	61.057696836239586
9122.802873757471	60.8479574664829
9255.497097125279	60.638144836518755
9390.121402416245	60.421089393497674
9526.7038633184	60.174450488980185
9665.272961860968	59.92059638219649
9805.857594353829	59.66667724173843
9948.487077413367	59.39166815629708
10093.19115407597	59.10126513026561
10240.000000000457	58.81683908795991
10388.944229760706	58.518829880266544
10540.05490322983	58.22078428265948
10693.363532057198	57.9226860050251
10848.902086239672	57.604642685325324
11006.703000788428	57.31393990050395
11166.799182492743	56.98423316010546
11329.224016782166	56.685947921803084
11494.0113746885	56.35387057718922
11661.195619909053	56.045415466471255
11830.811615972614	55.72825387710545
12002.894733509682	55.43730804465564
12177.48085762842	55.10623115280746
12354.606395397908	54.80772133908645
12534.308283440243	54.55304569772479
12716.62399563306	54.342192275649246
12901.591550924093	54.14013007522259
13089.249521259411	54.01486406104945
13279.637039626952	53.960249156419266
13472.793808217073	53.93863424515408
13668.760106701786	53.97475817441166
13867.576800634426	54.04403375481511
14069.285349971487	54.12999276182766
14273.927817718419	54.21592693605292
14481.54687870117	54.30183698544726
14692.18582846533	54.38772458530181
14905.888592304698	54.45898637835289
15122.699734421185	54.53017197730509
15342.664467217943	54.60139396377775
15565.828660727671	54.65016988980362
15792.238852178061	54.67187327804864
16021.942255696367	54.67680162168834
16254.986772155136	54.65379538542517
16491.42099916115	54.60634100536895
16731.294241189662	54.52652888916295
16974.65651986603	54.42105841622144
17221.558584396902	54.31561293669198
17472.051922153143	54.17037177350123
17726.188769406665	54.016895218980125
17984.022122223458	53.8352675374838
18245.605747515034	53.66768296270279
18510.99419425065	53.45621669644335
18780.242804832582	53.2885949118482
19053.40772663689	53.07710874699949
19330.545923722028	52.879098306772036
19611.71518870775	52.754780661182
19896.974154826825	52.67377984293237
20186.382308152035	52.67401584579446