20	61.225666640668564
20.290906698750476	61.227765290655306
20.586044732869844	61.234255694441046
20.885475648548283	61.23129230226465
21.189261887185914	61.2323431493823
21.49746679841394	61.23982229322809
21.810154653305165	61.25088470745674
22.12739065777668	61.26269055367836
22.449240966187475	61.27470515946882
22.77577269513385	61.28653020362338
23.107053937445478	61.298151843709334
23.44315377638505	61.30951433811076
23.784142300054445	61.321767602753724
24.130090616010463	61.33403257476476
24.481070866093134	61.34605599398529
24.837156241469714	61.35779541376905
25.1984209978975	61.36917947450384
25.56494047120865	61.38029076770949
25.936791093020236	61.39110221555696
26.3140504066728	61.40297954857595
26.69679708340074	61.41453028396067
27.08511093873791	61.425692170470576
27.47907294916184	61.43671765656239
27.878765268980047	61.44761895311913
28.284271247461966	61.45801689310599
28.695675446220072	61.46787146245278
29.11306365684382	61.477007285033245
29.536522918790062	61.48551469511988
29.966141537533712	61.49336805766865
30.402009102982383	61.500936559142666
30.844216508158908	61.508030369349996
31.29285596815558	61.514387304525755
31.74802103936409	61.520427959634176
32.20980663898519	61.526659450699384
32.67830906482211	61.53209733153306
33.153626015361866	61.53671963650323
33.63585661014871	61.5403887468686
34.125101410453844	61.54316840303947
34.62146244024586	61.545070894392595
35.12504320746613	61.54676299088437
35.635948725613716	61.54829315790823
36.15428553564419	61.54891969394021
36.68016172818701	61.54863193647599
37.21368696608603	61.547281457866454
37.754972507267915	61.544993260407566
38.30413122794313	61.54176788645221
38.86127764614443	61.53852674481518
39.4265279456077	61.53486402085594
40.000000000000206	61.530289940297116
40.58181339750116	61.52479467928613
41.1720894657399	61.51827739876914
41.77095129709678	61.510880106253204
42.37852377437204	61.50261552437423
42.9949335968281	61.49402385856578
43.62030930661056	61.48473156102473
44.25478131555359	61.47464406835939
44.89848193237519	61.46449738174191
45.55154539026795	61.45432673678065
46.21410787489121	61.44345831233153
46.88630755277036	61.43191874924604
47.56828460010916	61.41959187055197
48.260181232021196	61.406643324840395
48.962141732186545	61.39310231400451
49.674312482939705	61.37994319966504
50.39684199579528	61.36672842588798
51.129880942417586	61.35301615005554
51.873582186040764	61.33892217982656
52.628100813345895	61.32491782288511
53.393594166801776	61.310485741883525
54.17022187747612	61.29564497241724
54.95814589832399	61.28031780778014
55.75753053796041	61.26455585597109
56.56854249492426	61.248422988663165
57.39135089244048	61.23213048829382
58.226127313687975	61.21592893306089
59.073045837580466	61.19939241788512
59.932283075067765	61.18253049511582
60.804018205965114	61.166764342915926
61.68843301631817	61.15069679563189
62.58571193631152	61.1343324253303
63.49604207872855	61.11797563553689
64.41961327797075	61.10165774002881
65.35661812964459	61.08504903938645
66.3072520307241	61.06814888210381
67.27171322029778	61.05081274895368
68.25020282090806	61.03317033415403
69.2429248804921	61.01522056915005
70.25008641493265	60.997370724086224
71.27189745122783	60.97943546430015
72.30857107128878	60.96118387913798
73.36032345637442	60.942822534361085
74.42737393217246	60.92455957198043
75.50994501453623	60.90596768391259
76.60826245588666	60.8870662207778
77.72255529228926	60.869213223241644
78.85305589121582	60.85102444728979
80.00000000000082	60.832492421516
81.16362679500274	60.813534516644935
82.34417893148023	60.79413996168991
83.541902594194	60.77437092841242
84.75704754874454	60.7544815522201
85.98986719365665	60.73536101255675
87.24061861322157	60.71585861398955
88.50956263110764	60.69596479036636
89.79696386475084	60.675572236767096
91.10309078053635	60.6547209648398
92.42821574978288	60.63345037384694
93.77261510554118	60.612252347076755
95.13656920021877	60.59154935319458
96.52036246404286	60.570424523220325
97.92428346437356	60.54887477056355
99.34862496587989	60.5267708863811
100.79368399159105	60.5042066367885
102.25976188483567	60.48120189754374
103.74716437208203	60.458490732701705
105.25620162669229	60.4360345304724
106.78718833360406	60.4131580393026
108.34044375495276	60.38986353354257
109.9162917966485	60.3660088000893
111.51506107592134	60.341744244178265
113.13708498984903	60.3170758972702
114.78270178488147	60.29298740246214
116.45225462737648	60.26897898155688
118.14609167516147	60.24461835280035
119.86456615013608	60.22002660250655
121.60803641193078	60.195645014745935
123.3768660326369	60.17096683277938
125.17142387262359	60.14600596688697
126.99208415745765	60.120686668152004
128.83922655594208	60.09506514324181
130.71323625928977	60.06920907919968
132.61450406144883	60.043344220469095
134.5434264405962	60.01770380278475
136.50040564181674	59.991877075284194
138.48584976098482	59.965899723527926
140.50017282986593	59.94114840200921
142.5437949024563	59.9162492242888
144.61714214257822	59.89120033510145
146.7206469127495	59.86592454926991
148.8547478643456	59.84040805273705
151.01989002907314	59.81470822168889
153.216524911774	59.789505531921144
155.4451105845792	59.76719556893048
157.70611178243232	59.74468315541211
160.00000000000236	59.72193358750018
162.3272535900062	59.69890995645803
164.6883578629612	59.68134154992964
167.08380518838874	59.664635353468725
169.51409509748981	59.64762157251532
171.97973438731407	59.63025021133172
174.4812372264439	59.612471672991695
177.01912526221608	59.59423435623574
179.5939277295025	59.57548725190385
182.20618156107355	59.55617750812464
184.85643149956664	59.536254970451736
187.54523021108326	59.51566968289411
190.27313840043846	59.49437232804555
193.04072492808663	59.47598863502125
195.84856692874806	59.46143572568181
198.69724993176072	59.44616241093405
201.58736798318304	59.430131433775216
204.5195237696723	59.413309662027125
207.49432874416505	59.395667233053736
210.5124032533856	59.3771766479156
213.57437666720915	59.35781581853545
216.68088750990657	59.33756508266427
219.83258359329807	59.31640716709943
223.03012215184378	59.2970791327614
226.2741699796992	59.283337297001566
229.5654035697641	59.268795178262806
232.90450925475412	59.25352248120235
236.2921833503241	59.2377551702063
239.72913230027333	59.22119877931692
243.21607282386276	59.20489201250563
246.75373206527502	59.19032387326559
250.34284774524843	59.17508650891385
253.9841683149166	59.16047313804927
257.67845311188546	59.145267280304985
261.42647251858085	59.13117768147387
265.22900812289896	59.116534925953914
269.08685288119375	59.098857377769654
273.0008112836349	59.081066394552245
276.97169952197106	59.06508934560565
281.00034565973334	59.04942899907152
285.0875898049141	59.033965733268616
289.23428428515797	59.01941210214089
293.44129382550057	59.00582932383606
297.7094957286928	58.99269613317822
302.0397800581479	58.97968217068994
306.4330498235497	58.96767255733743
310.89022116916016	58.95579419406259
315.41222356486645	58.94548404680571
320.00000000000654	58.93595339618667
324.6545071800142	58.927535399001684
329.3767157259242	58.915399504568626
334.16761037677935	58.90268488816541
339.02819019498156	58.89045192172498
343.95946877463007	58.87100922486428
348.9624744528898	58.84833861397268
354.03825052443415	58.82588866583366
359.187855459007	58.803696293868
364.4123631221491	58.781814536854085
369.71286299913527	58.76031300878462
375.0904604221685	58.73926893094199
380.54627680087896	58.71876350668393
386.08144985617537	58.69888133183608
391.6971338574982	58.67970654372378
397.3944998635236	58.6613254880818
403.1747359663683	58.64381771369521
409.0390475393468	58.621092162488
414.9886574883323	58.59848545309523
421.0248065067734	58.57688018652275
427.1487533344206	58.55634020352258
433.3617750198154	58.53692876964982
439.6651671865984	58.51869763202078
446.06024430368984	58.501694952002495
452.54833995940066	58.48595810399372
459.13080713953053	58.47151337688724
465.8090185095106	58.45837864939635
472.58436670065066	58.446557148621054
479.45826460054917	58.436037472091144
486.432145647728	58.426797086724115
493.50746413055253	58.41772057699393
500.6856954904994	58.405881912620785
507.9683366298358	58.395099966035666
515.3569062237735	58.38530438596039
522.8529450371643	58.37642777144526
530.4580162458005	58.36638577622202
538.1737057623901	58.350885584776904
546.0016225672724	58.33603092189346
553.9433990439449	58.32229175594872
562.0006913194694	58.30935392503663
570.1751796098309	58.29630023553419
578.4685685703187	58.28186200037271
586.8825876510039	58.26724141945449
595.4189914573883	58.24973146499664
604.0795601162986	58.23345613818238
612.8660996471021	58.2184488346721
621.780442338323	58.197152464427475
630.8244471297356	58.176399658321984
640.0000000000159	58.15720013843971
649.3090143600314	58.13959625940328
658.7534314518515	58.12365651285342
668.3352207535618	58.10943679957154
678.0563803899662	58.09198929038942
687.9189375492632	58.07386677603218
697.9249489057827	58.061582305846756
708.0765010488715	58.04698322642229
718.3757109180171	58.028291469685655
728.8247262443015	58.01570820391328
739.425725998274	58.00423087034397
750.1809208443404	57.996777622504794
761.0925536017613	57.99076727247073
772.1628997123541	57.97501075615649
783.3942677149998	57.96651019007761
794.7889997270506	57.95837853685731
806.34947193274	57.950478898686015
818.0780950786972	57.942686407986606
829.9773149766683	57.93489961120508
842.0496130135506	57.92809116144816
854.2975066688449	57.92718051232303
866.7235500396347	57.94553913191306
879.3303343732008	57.96568665748745
892.1204886073838	57.98566823791029
905.0966799188055	58.026453372138015
918.2616142790653	58.07296471476981
931.6180370190256	58.120264726798
945.1687334013056	58.16926579304657
958.9165292011028	58.227850197427344
972.8642912954606	58.28827006580945
987.0149282611097	58.36440438362183
1001.3713909810035	58.456219140294905
1015.9366732596762	58.556582084484894
1030.7138124475518	58.67569397391094
1045.7058900743334	58.798078091716576
1060.916032491606	58.92413657949241
1076.3474115247852	59.05398041512117
1092.0032451345498	59.192547862538
1107.8867980878947	59.35485099372462
1124.0013826389438	59.510765458506555
1140.350359219667	59.66963890949733
1156.9371371406426	59.8307306509886
1173.765175302013	59.99322282533558
1190.837982914782	60.15631311026837
1208.1591202326028	60.322529768681
1225.73219929421	60.48356674871706
1243.5608846766518	60.64347532678638
1261.648894259477	60.80245535810802
1280.0000000000375	60.960529657922905
1298.6180287200684	61.11686640363641
1317.5068629037087	61.28604444716938
1336.6704415071292	61.42417409830069
1356.112760779938	61.589808174740995
1375.8378750985323	61.73832709406926
1395.8498978115715	61.884556447083334
1416.153002097749	62.02907133504213
1436.7514218360407	62.171875777745555
1457.6494524886093	62.318659723160195
1478.8514519965543	62.452309164251574
1500.3618416886875	62.589872159059155
1522.1851072035295	62.73502945438487
1544.3257994247153	62.870079626219095
1566.788535430007	63.01311965242737
1589.5779994541087	63.1427908352868
1612.6989438654878	63.29218504707927
1636.156190157402	63.43914330942151
1659.9546299533442	63.58362562394723
1684.099226027109	63.7254101266636
1708.5950133376978	63.86436045934886
1733.4471000792773	64.00033237723254
1758.6606687464096	64.13309354519262
1784.2409772147755	64.26256644733786
1810.193359837619	64.38850534911907
1836.5232285581387	64.51082227686409
1863.2360740380593	64.65127286480572
1890.3374668026197	64.76902502031844
1917.833058402214	64.8984273451251
1945.7285825909298	65.02681115636172
1974.0298565222283	65.17292115752754
2002.7427819620161	65.3029275865683
2031.8733465193618	65.43045391998623
2061.4276248951132	65.56632013922167
2091.411780148677	65.69274753968887
2121.832064983222	65.8175142722341
2152.694823049581	65.95128469591255
2184.0064902691106	66.0858667242284
2215.7735961758003	66.21066840627132
2248.002765277899	66.31906499696173
2280.7007184393456	66.42369378634206
2313.874274281297	66.54104202574493
2347.530350604038	66.62207226308523
2381.6759658295764	66.72516837851308
2416.318240465218	66.82932254827651
2451.4643985884327	66.89720928211614
2487.1217693533167	67.00137646601407
2523.2977885189675	67.08769093253477
2560.0000000000887	67.16039590795987
2597.236057440151	67.22992078216592
2635.0137258074315	67.28943834309796
2673.340883014273	67.34958773686029
2712.225521559891	67.41129100036414
2751.6757501970797	67.47556302796748
2791.699795623158	67.54348229345088
2832.3060041955137	67.57228637501922
2873.502843672097	67.60554861177499
2915.2989049772345	67.6334985624049
2957.7029039931244	67.63381578126227
3000.723683377391	67.62681854773768
3044.370214407075	67.58706000491102
3088.6515988494466	67.55387566218971
3133.57707086003	67.50868357002375
3179.1559989082334	67.4606400074447
3225.3978877309914	67.39913484649949
3272.3123803148205	67.33211433660023
3319.9092599067053	67.24760965573269
3368.198452054235	67.16637710258031
3417.190026675413	67.065251688506
3466.8942001585724	66.94379448429383
3517.3213374928373	66.8202075768244
3568.4819544295697	66.71767143872627
3620.386719675257	66.59042220998265
3673.0464571162966	66.45951507928278
3726.472148076138	66.34401025028306
3780.6749336052594	66.20688931457494
3835.6661168044484	66.06835057702067
3891.45716518188	65.91575457992639
3948.059713044477	65.77783200725727
4005.4855639240527	65.61211738913516
4063.746693038744	65.47738860229003
4122.855249790247	65.30300599070222
4182.823560297375	65.12771584725024
4243.664129966465	64.96425092694703
4305.389646099183	64.80607033874466
4368.012980538242	64.6425998619009
4431.5471923516225	64.46563218100889
4496.00553055582	64.28842560081623
4561.401436878714	64.14852654336609
4627.748548562617	63.98897628930755
4695.060701208099	63.84290759295261
4763.351931659176	63.70839202620929
4832.63648093046	63.55224364935684
4902.928797176889	63.413234594467326
4974.243538706657	63.29572489511373
5046.595577037959	63.15586785415461
5120.000000000202	63.037465139497854
5194.472114880326	62.91859770447992
5270.027451614888	62.82114763232008
5346.6817660285715	62.70122794007194
5424.451043119808	62.5856543783253
5503.351500394186	62.481772232777544
5583.399591246343	62.38216814856705
5664.612008391055	62.26849696960724
5747.005687344222	62.18108560285749
5830.597809954497	62.09318289972978
5915.405807986278	62.006953555783205
6001.447366754812	61.93871302948162
6088.740428814181	61.88045847117964
6177.303197698925	61.83043866791148
6267.154141720092	61.78735899625385
6358.3119978165005	61.74512138579697
6450.795775462017	61.70387728935408
6544.624760629676	61.662380660763766
6639.818519813445	61.621670936086254
6736.396904108505	61.58200202268916
6834.380053350861	61.54146828985881
6933.788400317181	61.501470563978714
7034.642674985712	61.461025126561225
7136.963908859177	61.419729714889364
7240.773439350552	61.37591152510254
7346.092914232631	61.33098021749193
7452.944296152315	61.2819319227966
7561.349867210557	61.22692925101539
7671.332233608935	61.16858330145392
7782.914330363799	61.10708167292082
7896.119426088994	61.04135447809064
8010.971127848146	60.97510735470514
8127.49338607753	60.90824548116683
8245.710499580537	60.830829592238025
8365.647120594791	60.745041993794516
8487.328259932974	60.63280658108109
8610.77929219841	60.51484685600041
8736.025961076528	60.374341945733285
8863.094384703289	60.21137162109572
8992.011061111683	60.05492231557772
9122.802873757471	59.88374014937676
9255.497097125279	59.7190959446209
9390.121402416245	59.531962252502346
9526.7038633184	59.36624237232496
9665.272961860968	59.1600763753958
9805.857594353829	58.96753412649715
9948.487077413367	58.75645931372752
10093.19115407597	58.5668524683181
10240.000000000457	58.37373899238041
10388.944229760706	58.16504318751754
10540.05490322983	57.95593928056813
10693.363532057198	57.74642745707599
10848.902086239672	57.53652488718238
11006.703000788428	57.33246176291985
11166.799182492743	57.11809032770713
11329.224016782166	56.90469492033471
11494.0113746885	56.71037600467313
11661.195619909053	56.51703921902999
11830.811615972614	56.301540418756325
12002.894733509682	56.102091725221925
12177.48085762842	55.88991557813644
12354.606395397908	55.67758379639516
12534.308283440243	55.465128643577444
12716.62399563306	55.252570897225375
12901.591550924093	55.04877092870815
13089.249521259411	54.83235979837053
13279.637039626952	54.61595735502956
13472.793808217073	54.42157134976537
13668.760106701786	54.22723157615819
13867.576800634426	54.021041017053705
14069.285349971487	53.80885302743578
14273.927817718419	53.596892542432684
14481.54687870117	53.38521031980591
14692.18582846533	53.17387923129969
14905.888592304698	52.96294460900599
15122.699734421185	52.75246265477749
15342.664467217943	52.5501929431955
15565.828660727671	52.35902302706917
15792.238852178061	52.14658418160947
16021.942255696367	51.95680732677223
16254.986772155136	51.75328916802108
16491.42099916115	51.54715663959046
16731.294241189662	51.34208072447075
16974.65651986603	51.13818778925781
17221.558584396902	50.93562259754551
17472.051922153143	50.73456525090113
17726.188769406665	50.53518138674643
17984.022122223458	50.348002136188605
18245.605747515034	50.17085954087719
18510.99419425065	49.97426048784821
18780.242804832582	49.80242674759301
19053.40772663689	49.61205852643009
19330.545923722028	49.43410833667227
19611.71518870775	49.319563220417805
19896.974154826825	49.315521211700435
20186.382308152035	49.31883559965991