20	61.04169908172941
20.290906698750476	61.04170002665441
20.586044732869844	61.04170099955724
20.885475648548283	61.04170200127489
21.189261887185914	61.04170303267002
21.49746679841394	61.04170409463162
21.810154653305165	61.041705188075845
22.12739065777668	61.04170631394701
22.449240966187475	61.041707473218295
22.77577269513385	61.04170866689287
23.107053937445478	61.0417098960047
23.44315377638505	61.041711161619595
23.784142300054445	61.041712464836245
24.130090616010463	61.041713806787314
24.481070866093134	61.04171518864042
24.837156241469714	61.04171661159937
25.1984209978975	61.041718076905376
25.56494047120865	61.041719585838116
25.936791093020236	61.04172113971719
26.3140504066728	61.04172273990322
26.69679708340074	61.0417243877994
27.08511093873791	61.04172608485274
27.47907294916184	61.04172783255564
27.878765268980047	61.04172963244729
28.284271247461966	61.04173148611535
28.695675446220072	61.04173339519741
29.11306365684382	61.04173536138281
29.536522918790062	61.0417373864143
29.966141537533712	61.04173947208982
30.402009102982383	61.0417416202645
30.844216508158908	61.041743832852426
31.29285596815558	61.04174611182876
31.74802103936409	61.04174845920262
32.20980663898519	61.04140887743249
32.67830906482211	61.040914367731006
33.153626015361866	61.04041193336085
33.63585661014871	61.039902576624165
34.125101410453844	61.03938529825159
34.62146244024586	61.038861102807346
35.12504320746613	61.03832999229593
35.635948725613716	61.037789969334554
36.15428553564419	61.03724303606114
36.68016172818701	61.036688195185114
37.21368696608603	61.036124449959644
37.754972507267915	61.03555280416395
38.30413122794313	61.03497325889603
38.86127764614443	61.03438581998363
39.4265279456077	61.03378948840866
40.000000000000206	61.03318426877494
40.58181339750116	61.032570163981376
41.1720894657399	61.031947178384
41.77095129709678	61.03131531564895
42.37852377437204	61.0306745797921
42.9949335968281	61.030024974094864
43.62030930661056	61.02936550214307
44.25478131555359	61.028696169925915
44.89848193237519	61.02801798156546
45.55154539026795	61.02732894035763
46.21410787489121	61.0266310529907
46.88630755277036	61.02592232315595
47.56828460010916	61.025203755765375
48.260181232021196	61.02447435587008
48.962141732186545	61.023735130755725
49.674312482939705	61.02298508355047
50.39684199579528	61.02222422275293
51.129880942417586	61.02145155265425
51.873582186040764	61.02066907968176
52.628100813345895	61.019874811313066
53.393594166801776	61.01906875286528
54.17022187747612	61.01825091277882
54.95814589832399	61.017422297282316
55.75753053796041	61.01658091461626
56.56854249492426	61.01572777075778
57.39135089244048	61.014861876831304
58.226127313687975	61.01398423846143
59.073045837580466	61.01309386636822
59.932283075067765	61.012189767847175
60.804018205965114	61.01127395311363
61.68843301631817	61.01034443209369
62.58571193631152	61.009401214398636
63.49604207872855	61.008445310361935
64.41961327797075	61.00747473101529
65.35661812964459	61.00649048806388
66.3072520307241	61.005492592800486
67.27171322029778	61.00448005714444
68.25020282090806	61.003452894679356
69.2429248804921	61.002411117445284
70.25008641493265	61.00135373910182
71.27189745122783	61.00028177490657
72.30857107128878	60.99919523956855
73.36032345637442	60.99809214723129
74.42737393217246	60.99697351569668
75.50994501453623	60.99583936003689
76.60826245588666	60.99468869788468
77.72255529228926	60.99352054835628
78.85305589121582	60.99233692990769
80.00000000000082	60.99113586138627
81.16362679500274	60.98991836413753
82.34417893148023	60.98868245880924
83.541902594194	60.987442168520346
84.75704754874454	60.98696651539407
85.98986719365665	60.98648452423349
87.24061861322157	60.98599522084367
88.50956263110764	60.98549963087925
89.79696386475084	60.98499778206391
91.10309078053635	60.98448870341175
92.42821574978288	60.98397242486078
93.77261510554118	60.98344897772461
95.13656920021877	60.98291939514717
96.52036246404286	60.98238171133992
97.92428346437356	60.981836962451794
99.34862496587989	60.98128518622165
100.79368399159105	60.98072542163673
102.25976188483567	60.98015871022352
103.74716437208203	60.979584094901725
105.25620162669229	60.97900262169347
106.78718833360406	60.97841233696176
108.34044375495276	60.97781429157479
109.9162917966485	60.977209536935064
111.51506107592134	60.97659512794023
113.13708498984903	60.97597412228327
114.78270178488147	60.975343580172535
116.45225462737648	60.97470556487264
118.14609167516147	60.97405914285082
119.86456615013608	60.973404383931445
121.60803641193078	60.9727413618714
123.3768660326369	60.972070154131856
125.17142387262359	60.97138984166489
126.99208415745765	60.970700509934275
128.83922655594208	60.970003249545755
130.71323625928977	60.96929615444989
132.61450406144883	60.968581325455816
134.5434264405962	60.96785686724968
136.50040564181674	60.96712389154048
138.48584976098482	60.96638151452716
140.50017282986593	60.965630860090194
142.5437949024563	60.9648700585294
144.61714214257822	60.96410124736357
146.7206469127495	60.96332257216103
148.8547478643456	60.96253518617811
151.01989002907314	60.96173825166153
153.216524911774	60.960931940371594
155.4451105845792	60.960116433737504
157.70611178243232	60.95929192346139
160.00000000000236	60.958458612982746
162.3272535900062	60.9576157177684
164.6883578629612	60.956763465247874
167.08380518838874	60.95590209724879
169.51409509748981	60.95503287004814
171.97973438731407	60.95415305489674
174.4812372264439	60.953264940241624
177.01912526221608	60.952368831579996
179.5939277295025	60.951463053838914
182.20618156107355	60.95054895139573
184.85643149956664	60.94962589023052
187.54523021108326	60.9486952605843
190.27313840043846	60.9477564756529
193.04072492808663	60.94680897609836
195.84856692874806	60.94585522979511
198.69724993176072	60.94489273537692
201.58736798318304	60.94392402347967
204.5195237696723	60.94294865935916
207.49432874416505	60.9419662448559
210.5124032533856	60.94097842134661
213.57437666720915	60.93998387328836
216.68088750990657	60.93898532910401
219.83258359329807	60.93841756629435
223.03012215184378	60.93822341428961
226.2741699796992	60.938037758081855
229.5654035697641	60.937860541685005
232.90450925475412	60.93769377250222
236.2921833503241	60.93753852625401
239.72913230027333	60.93739495084226
243.21607282386276	60.937265271708945
246.75373206527502	60.93714879670349
250.34284774524843	60.93704892213532
253.9841683149166	60.93696613771119
257.67845311188546	60.936902033398674
261.42647251858085	60.93685830482565
265.22900812289896	60.936835759779434
269.08685288119375	60.93683732544628
273.0008112836349	60.936864053875546
276.97169952197106	60.936918129550655
281.00034565973334	60.9370028746627
285.0875898049141	60.937119756216184
289.23428428515797	60.93727039094038
293.44129382550057	60.93745955051336
297.7094957286928	60.93768816464315
302.0397800581479	60.93795932391055
306.4330498235497	60.93827728006003
310.89022116916016	60.93864444329949
315.41222356486645	60.93906437757193
320.00000000000654	60.939540790014675
324.6545071800142	60.940077517219095
329.3767157259242	60.94067850334318
334.16761037677935	60.941346770696754
339.02819019498156	60.94208638160122
343.95946877463007	60.942902386484135
348.9624744528898	60.943796758775186
354.03825052443415	60.944775312948416
359.187855459007	60.94583959965254
364.4123631221491	60.94699278000445
369.71286299913527	60.94823846771207
375.0904604221685	60.94957854079323
380.54627680087896	60.95101191476994
386.08144985617537	60.95253927236264
391.6971338574982	60.95415874767813
397.3944998635236	60.955865557848206
403.1747359663683	60.95765458132465
409.0390475393468	60.95951588139209
414.9886574883323	60.96143617639298
421.0248065067734	60.96340126518883
427.1487533344206	60.965388414858914
433.3617750198154	60.967371736438
439.6651671865984	60.96932056819143
446.06024430368984	60.971195910107916
452.54833995940066	60.972951953117175
459.13080713953053	60.97453776249238
465.8090185095106	60.97589318258613
472.58436670065066	60.976953032266444
479.45826460054917	60.977642664660564
486.432145647728	60.9778849492365
493.50746413055253	60.97759672026494
500.6856954904994	60.976694701187746
507.9683366298358	60.97509387390762
515.3569062237735	60.97271321244789
522.8529450371643	60.9694766524937
530.4580162458005	60.96531811601324
538.1737057623901	60.96018438901334
546.0016225672724	60.95403363416915
553.9433990439449	60.946843346012194
562.0006913194694	60.938606599905675
570.1751796098309	60.92933651751781
578.4685685703187	60.91966295414125
586.8825876510039	60.910951496217365
595.4189914573883	60.901380921886656
604.0795601162986	60.89102432329674
612.8660996471021	60.879970105488994
621.780442338323	60.86831405422171
630.8244471297356	60.85615962905532
640.0000000000159	60.84361657960089
649.3090143600314	60.830800912102404
658.7534314518515	60.81783217285652
668.3352207535618	60.80483395534495
678.0563803899662	60.79193349368599
687.9189375492632	60.77926217633657
697.9249489057827	60.76695381211305
708.0765010488715	60.755140484571605
718.3757109180171	60.74395787704556
728.8247262443015	60.73353799894504
739.425725998274	60.724004321920475
750.1809208443404	60.71547542093284
761.0925536017613	60.708056300055944
772.1628997123541	60.701832663171096
783.3942677149998	60.69687444010704
794.7889997270506	60.69322689733797
806.34947193274	60.6909116337987
818.0780950786972	60.68992269283629
829.9773149766683	60.690230915280516
842.0496130135506	60.69178353276112
854.2975066688449	60.69450487486076
866.7235500396347	60.698304959286155
879.3303343732008	60.703077661245494
892.1204886073838	60.70871013319875
905.0966799188055	60.7150841577807
918.2616142790653	60.72208216301023
931.6180370190256	60.729588702999756
945.1687334013056	60.73749528149649
958.9165292011028	60.77912046436576
972.8642912954606	60.846711314611746
987.0149282611097	60.91940718557676
1001.3713909810035	61.013344987277335
1015.9366732596762	61.11259002835429
1030.7138124475518	61.239205508009356
1045.7058900743334	61.36251381335245
1060.916032491606	61.50099967865873
1076.3474115247852	61.63922222090735
1092.0032451345498	61.777291077448176
1107.8867980878947	61.91511840980557
1124.0013826389438	62.052714115507996
1140.350359219667	62.1706390330953
1156.9371371406426	62.29983520481811
1173.765175302013	62.436695301732456
1190.837982914782	62.573371051052554
1208.1591202326028	62.687474801985545
1225.73219929421	62.81860810103802
1243.5608846766518	62.9545793837981
1261.648894259477	63.06295071520851
1280.0000000000375	63.198553519311524
1298.6180287200684	63.333922447092924
1317.5068629037087	63.4417162066377
1336.6704415071292	63.57672343806189
1356.112760779938	63.71160265071705
1375.8378750985323	63.81975012256746
1395.8498978115715	63.953363861111974
1416.153002097749	64.0877475760577
1436.7514218360407	64.20011862512622
1457.6494524886093	64.32866602509768
1478.8514519965543	64.46259740398722
1500.3618416886875	64.56901503662337
1522.1851072035295	64.70274181585079
1544.3257994247153	64.83631725072969
1566.788535430007	64.94238648668204
1589.5779994541087	65.07573530058131
1612.6989438654878	65.20902910548266
1636.156190157402	65.31611197126946
1659.9546299533442	65.44778560306476
1684.099226027109	65.58074437540347
1708.5950133376978	65.68618132108647
1733.4471000792773	65.81896513595098
1758.6606687464096	65.95160419366314
1784.2409772147755	66.05676654284783
1810.193359837619	66.1892648932598
1836.5232285581387	66.32164864189352
1863.2360740380593	66.42654285604996
1890.3374668026197	66.55873126073263
1917.833058402214	66.69088425842807
1945.7285825909298	66.79548089091185
1974.0298565222283	66.92738686326072
2002.7427819620161	67.05921950774515
2031.8733465193618	67.16353377061003
2061.4276248951132	67.29519321516915
2091.411780148677	67.42668898025767
2121.832064983222	67.53069876942911
2152.694823049581	67.66202082745289
2184.0064902691106	67.78925990510905
2215.7735961758003	67.89688622842682
2248.002765277899	68.02781346602993
2280.7007184393456	68.1586666830168
2313.874274281297	68.2619242978128
2347.530350604038	68.38716302984443
2381.6759658295764	68.49542285167544
2416.318240465218	68.59824191122743
2451.4643985884327	68.71852446676759
2487.1217693533167	68.83072383262913
2523.2977885189675	68.93298825793016
2560.0000000000887	69.04825287634056
2597.236057440151	69.13688957598934
2635.0137258074315	69.23657990731343
2673.340883014273	69.32117397588607
2712.225521559891	69.4055373043897
2751.6757501970797	69.48963372234567
2791.699795623158	69.55125321806105
2832.3060041955137	69.59687882220244
2873.502843672097	69.61035246108437
2915.2989049772345	69.62370684298368
2957.7029039931244	69.63052934340618
3000.723683377391	69.60663492424739
3044.370214407075	69.58199609075649
3088.6515988494466	69.55481990786251
3133.57707086003	69.50267010172963
3179.1559989082334	69.4316002817484
3225.3978877309914	69.35240532322544
3272.3123803148205	69.23584596529027
3319.9092599067053	69.11420170497645
3368.198452054235	68.97026804335876
3417.190026675413	68.82184423029958
3466.8942001585724	68.65240357493737
3517.3213374928373	68.50589650375792
3568.4819544295697	68.33102245450911
3620.386719675257	68.18264875513368
3673.0464571162966	68.00597755912597
3726.472148076138	67.8568168559453
3780.6749336052594	67.73240437336626
3835.6661168044484	67.587969061292
3891.45716518188	67.45650549021515
3948.059713044477	67.31748313355457
4005.4855639240527	67.17998410708836
4063.746693038744	67.05604858555424
4122.855249790247	66.93310092933477
4182.823560297375	66.8183907626776
4243.664129966465	66.69736401136338
4305.389646099183	66.59713923078503
4368.012980538242	66.48163050600473
4431.5471923516225	66.38776414110633
4496.00553055582	66.29746795987386
4561.401436878714	66.22926232593284
4627.748548562617	66.14641694342194
4695.060701208099	66.0733607976252
4763.351931659176	66.00911637925473
4832.63648093046	65.94028219278773
4902.928797176889	65.88247772481645
4974.243538706657	65.82955464693265
5046.595577037959	65.76935913973114
5120.000000000202	65.71272011152686
5194.472114880326	65.66403810753333
5270.027451614888	65.6137224099409
5346.6817660285715	65.55843786237308
5424.451043119808	65.49792540954363
5503.351500394186	65.4504072991018
5583.399591246343	65.39136060912178
5664.612008391055	65.3381903269258
5747.005687344222	65.27491981594186
5830.597809954497	65.22363314098644
5915.405807986278	65.18138948053564
6001.447366754812	65.1319496708099
6088.740428814181	65.07791781493378
6177.303197698925	65.01797684585064
6267.154141720092	64.95376889534516
6358.3119978165005	64.88011233251554
6450.795775462017	64.80097433685708
6544.624760629676	64.73949489640141
6639.818519813445	64.65916012371933
6736.396904108505	64.57827383023387
6834.380053350861	64.49681827606517
6933.788400317181	64.41499805754259
7034.642674985712	64.31441809102805
7136.963908859177	64.22790966292767
7240.773439350552	64.12811252669755
7346.092914232631	64.01039202913677
7452.944296152315	63.90015424797489
7561.349867210557	63.771988144217204
7671.332233608935	63.643588713665096
7782.914330363799	63.514930131506915
7896.119426088994	63.38601990448563
8010.971127848146	63.22949199819737
8127.49338607753	63.100227969912275
8245.710499580537	62.943329090112655
8365.647120594791	62.78625844774112
8487.328259932974	62.62902805771994
8610.77929219841	62.47164795312597
8736.025961076528	62.31412827071794
8863.094384703289	62.16068032896418
8992.011061111683	61.9987626991129
9122.802873757471	61.840908274490104
9255.497097125279	61.682947322844434
9390.121402416245	61.524887546607516
9526.7038633184	61.36673412822537
9665.272961860968	61.18593877496412
9805.857594353829	61.03231375743034
9948.487077413367	60.87860895117105
10093.19115407597	60.705901864833926
10240.000000000457	60.54737567074531
10388.944229760706	60.38878423435677
10540.05490322983	60.208287136033114
10693.363532057198	60.04399869716366
10848.902086239672	59.88524799536044
11006.703000788428	59.69901488752155
11166.799182492743	59.537078020699155
11329.224016782166	59.35386985523627
11494.0113746885	59.17379366767967
11661.195619909053	59.00852057058739
11830.811615972614	58.822091520496144
12002.894733509682	58.65597632670655
12177.48085762842	58.476547658071944
12354.606395397908	58.29230405194788
12534.308283440243	58.13083692012651
12716.62399563306	57.97166155005967
12901.591550924093	57.785035107111774
13089.249521259411	57.61944263984303
13279.637039626952	57.43912707677416
13472.793808217073	57.25542222024739
13668.760106701786	57.09307874810094
13867.576800634426	56.90633419734965
14069.285349971487	56.73663395591967
14273.927817718419	56.560164244290455
14481.54687870117	56.37329608752938
14692.18582846533	56.21386028246062
14905.888592304698	56.0270063517157
15122.699734421185	55.86750547289191
15342.664467217943	55.698362390855564
15565.828660727671	55.52102928565036
15792.238852178061	55.333994586172736
16021.942255696367	55.17438870259461
16254.986772155136	54.98734261817702
16491.42099916115	54.81403528003859
16731.294241189662	54.640463632975646
16974.65651986603	54.45319106415931
17221.558584396902	54.29325278614643
17472.051922153143	54.10582325294037
17726.188769406665	53.945583680971986
17984.022122223458	53.77218338934537
18245.605747515034	53.59672242300431
18510.99419425065	53.40758685681972
18780.242804832582	53.2444407118885
19053.40772663689	53.05072554636621
19330.545923722028	52.87562745279219
19611.71518870775	52.707473226168936
19896.974154826825	52.3960224611823
20186.382308152035	52.507086525385695