20	65.82407905614497
20.290906698750476	65.82449312493765
20.586044732869844	65.82524976364223
20.885475648548283	65.78548270507821
21.189261887185914	65.74286060208729
21.49746679841394	65.70332861839177
21.810154653305165	65.66748424229469
22.12739065777668	65.63690672879615
22.449240966187475	65.60642441736479
22.77577269513385	65.57624913291292
23.107053937445478	65.54637324870355
23.44315377638505	65.51651043828771
23.784142300054445	65.48714061619968
24.130090616010463	65.45776075580099
24.481070866093134	65.42855951476866
24.837156241469714	65.3995781830218
25.1984209978975	65.37024662894311
25.56494047120865	65.33677931822051
25.936791093020236	65.30332196413173
26.3140504066728	65.27054906558936
26.69679708340074	65.24197458178554
27.08511093873791	65.20782654699872
27.47907294916184	65.16977235176819
27.878765268980047	65.13642167922809
28.284271247461966	65.10315358423364
28.695675446220072	65.06975727142027
29.11306365684382	65.036297328963
29.536522918790062	64.99722221846979
29.966141537533712	64.95748884437235
30.402009102982383	64.9176718297489
30.844216508158908	64.87776813094455
31.29285596815558	64.8378231545475
31.74802103936409	64.79792748602911
32.20980663898519	64.75793731179101
32.67830906482211	64.71785035729513
33.153626015361866	64.67766719687685
33.63585661014871	64.63741280641314
34.125101410453844	64.58863651053441
34.62146244024586	64.54779337426041
35.12504320746613	64.50133862559511
35.635948725613716	64.45789884002642
36.15428553564419	64.41376184175648
36.68016172818701	64.36441274081943
37.21368696608603	64.3180298882816
37.754972507267915	64.27647086216788
38.30413122794313	64.22697416070483
38.86127764614443	64.17743679223258
39.4265279456077	64.1278654537325
40.000000000000206	64.07828124132716
40.58181339750116	64.02866316466555
41.1720894657399	63.97901640058988
41.77095129709678	63.91836113992472
42.37852377437204	63.86864158122628
42.9949335968281	63.81891191911784
43.62030930661056	63.769184381720535
44.25478131555359	63.71944239179445
44.89848193237519	63.65872824852958
45.55154539026795	63.60894715568045
46.21410787489121	63.55893460372579
46.88630755277036	63.49849384980954
47.56828460010916	63.446685216137034
48.260181232021196	63.383732066568236
48.962141732186545	63.32076192247706
49.674312482939705	63.266659957597376
50.39684199579528	63.208537794367075
51.129880942417586	63.15627370502924
51.873582186040764	63.09638013708521
52.628100813345895	63.03353162360391
53.393594166801776	62.97450252839376
54.17022187747612	62.92162046612183
54.95814589832399	62.85887289960559
55.75753053796041	62.796140446087314
56.56854249492426	62.733424569695025
57.39135089244048	62.670814145683316
58.226127313687975	62.608280650226824
59.073045837580466	62.545774965679726
59.932283075067765	62.48330174676083
60.804018205965114	62.42086489178349
61.68843301631817	62.35857730693965
62.58571193631152	62.28953191246217
63.49604207872855	62.22046671380624
64.41961327797075	62.15765180358674
65.35661812964459	62.082712372788436
66.3072520307241	62.020780606141216
67.27171322029778	61.95891378778444
68.25020282090806	61.88354336529448
69.2429248804921	61.821920706211294
70.25008641493265	61.74663935488693
71.27189745122783	61.68091998923495
72.30857107128878	61.61030530581489
73.36032345637442	61.54909099023343
74.42737393217246	61.47439902373377
75.50994501453623	61.403091222283386
76.60826245588666	61.32530660990938
77.72255529228926	61.25585632074569
78.85305589121582	61.190430455062796
80.00000000000082	61.116453149057556
81.16362679500274	61.045200678061256
82.34417893148023	60.968843251286295
83.541902594194	60.899500186988256
84.75704754874454	60.82189370274744
85.98986719365665	60.754481001289804
87.24061861322157	60.67564640468709
88.50956263110764	60.61018289276913
89.79696386475084	60.52914650129501
91.10309078053635	60.457761098461056
92.42821574978288	60.386007316955
93.77261510554118	60.3239095397916
95.13656920021877	60.24372090897376
96.52036246404286	60.182007119876744
97.92428346437356	60.1022834981521
99.34862496587989	60.0409657919347
100.79368399159105	59.96171908878295
102.25976188483567	59.899396821880366
103.74716437208203	59.82894050809639
105.25620162669229	59.76164281211481
106.78718833360406	59.70145804393616
108.34044375495276	59.632443502144305
109.9162917966485	59.5635447850334
111.51506107592134	59.50704695138334
113.13708498984903	59.45155019975419
114.78270178488147	59.38562959538538
116.45225462737648	59.32729786479662
118.14609167516147	59.27501114023569
119.86456615013608	59.23118667642374
121.60803641193078	59.17649059173231
123.3768660326369	59.12861952354302
125.17142387262359	59.08729329098417
126.99208415745765	59.04600564582448
128.83922655594208	59.00472197899006
130.71323625928977	58.963398872177336
132.61450406144883	58.9249230345092
134.5434264405962	58.89269981783551
136.50040564181674	58.86615516553671
138.48584976098482	58.839315295302924
140.50017282986593	58.81364073511771
142.5437949024563	58.79454323974474
144.61714214257822	58.775762925232634
146.7206469127495	58.758541546787626
148.8547478643456	58.74241993819033
151.01989002907314	58.73146175004936
153.216524911774	58.719387476977595
155.4451105845792	58.711645879483235
157.70611178243232	58.7127589331596
160.00000000000236	58.71267842774199
162.3272535900062	58.711312327807015
164.6883578629612	58.70858010889428
167.08380518838874	58.704417193261854
169.51409509748981	58.69878256398414
171.97973438731407	58.69166351675379
174.4812372264439	58.683088254599454
177.01912526221608	58.673131617266286
179.5939277295025	58.66192373879862
182.20618156107355	58.6496557731768
184.85643149956664	58.6365753496214
187.54523021108326	58.62313827838245
190.27313840043846	58.61087068489046
193.04072492808663	58.59878854872658
195.84856692874806	58.58720426344035
198.69724993176072	58.57636490204019
201.58736798318304	58.56642283431569
204.5195237696723	58.5574251247491
207.49432874416505	58.549307167325196
210.5124032533856	58.54192124491579
213.57437666720915	58.53506699262506
216.68088750990657	58.52852795618383
219.83258359329807	58.52211138015728
223.03012215184378	58.51567339613594
226.2741699796992	58.509132775772564
229.5654035697641	58.50247906380255
232.90450925475412	58.49576270903874
236.2921833503241	58.488594677803775
239.72913230027333	58.478948291098824
243.21607282386276	58.46957102524642
246.75373206527502	58.46059882802503
250.34284774524843	58.452140247541514
253.9841683149166	58.44426615215006
257.67845311188546	58.43700417964525
261.42647251858085	58.43033607974546
265.22900812289896	58.42445728568038
269.08685288119375	58.41913628674704
273.0008112836349	58.41415496163428
276.97169952197106	58.40938912511203
281.00034565973334	58.40471576787646
285.0875898049141	58.4000151016696
289.23428428515797	58.395176973990324
293.44129382550057	58.39140477404801
297.7094957286928	58.38799822770176
302.0397800581479	58.38422072278061
306.4330498235497	58.38000183492437
310.89022116916016	58.3752767435099
315.41222356486645	58.36998417743265
320.00000000000654	58.36406038102748
324.6545071800142	58.357448499770726
329.3767157259242	58.35540250220506
334.16761037677935	58.361404555749495
339.02819019498156	58.36678243614521
343.95946877463007	58.37151930011089
348.9624744528898	58.37561895584852
354.03825052443415	58.379107747379734
359.187855459007	58.38203637841757
364.4123631221491	58.38448025562908
369.71286299913527	58.39125947809565
375.0904604221685	58.39821086212355
380.54627680087896	58.405061726564625
386.08144985617537	58.41192122107587
391.6971338574982	58.422725816578115
397.3944998635236	58.43485346092152
403.1747359663683	58.44730858374729
409.0390475393468	58.466137986624425
414.9886574883323	58.48621856129427
421.0248065067734	58.51148869909073
427.1487533344206	58.53817256981169
433.3617750198154	58.564522249710286
439.6651671865984	58.59302137676812
446.06024430368984	58.62349272954605
452.54833995940066	58.65303662627614
459.13080713953053	58.68546783932531
465.8090185095106	58.71920053902707
472.58436670065066	58.752469438277636
479.45826460054917	58.79172841682251
486.432145647728	58.82902036609931
493.50746413055253	58.86420700413635
500.6856954904994	58.89721212489549
507.9683366298358	58.92809272208891
515.3569062237735	58.95700402414722
522.8529450371643	58.99516931719466
530.4580162458005	59.02153190675726
538.1737057623901	59.05959706201412
546.0016225672724	59.09216078129369
553.9433990439449	59.12125002240531
562.0006913194694	59.15954214038828
570.1751796098309	59.189772006026004
578.4685685703187	59.226156235146746
586.8825876510039	59.26904705446545
595.4189914573883	59.31405765741793
604.0795601162986	59.35699170256264
612.8660996471021	59.39783745528922
621.780442338323	59.44400802312268
630.8244471297356	59.491578236173986
640.0000000000159	59.54875362985412
649.3090143600314	59.60796401503684
658.7534314518515	59.668846049854366
668.3352207535618	59.72720940323337
678.0563803899662	59.78109672922923
687.9189375492632	59.84563043204318
697.9249489057827	59.90284121118366
708.0765010488715	59.96304652433646
718.3757109180171	60.02928493230007
728.8247262443015	60.09573303659399
739.425725998274	60.16229186108094
750.1809208443404	60.22895241846112
761.0925536017613	60.29566091553781
772.1628997123541	60.36237902720953
783.3942677149998	60.442643424779696
794.7889997270506	60.509219719655455
806.34947193274	60.57576583104005
818.0780950786972	60.642274798827664
829.9773149766683	60.71269400247699
842.0496130135506	60.78868474044152
854.2975066688449	60.868752103557576
866.7235500396347	60.941330128677954
879.3303343732008	61.02973512212287
892.1204886073838	61.10875618453876
905.0966799188055	61.18823587868198
918.2616142790653	61.27659994117827
931.6180370190256	61.362703136163795
945.1687334013056	61.43529916007912
958.9165292011028	61.523902554664716
972.8642912954606	61.61247971404799
987.0149282611097	61.7088118660543
1001.3713909810035	61.80818810657627
1015.9366732596762	61.897026441088755
1030.7138124475518	61.98590681713344
1045.7058900743334	62.09314818708826
1060.916032491606	62.18226458153911
1076.3474115247852	62.27134413445422
1092.0032451345498	62.360573198457544
1107.8867980878947	62.46811934745937
1124.0013826389438	62.55746048424183
1140.350359219667	62.65716189197244
1156.9371371406426	62.754601270436986
1173.765175302013	62.844172825298635
1190.837982914782	62.95200229713065
1208.1591202326028	63.041599037347936
1225.73219929421	63.14952503020469
1243.5608846766518	63.239279958392736
1261.648894259477	63.32896125190089
1280.0000000000375	63.436962097890664
1298.6180287200684	63.52674451358006
1317.5068629037087	63.63477536203721
1336.6704415071292	63.724523379606886
1356.112760779938	63.832528220421
1375.8378750985323	63.93052746405532
1395.8498978115715	64.03024464347244
1416.153002097749	64.13819027527516
1436.7514218360407	64.22783285536767
1457.6494524886093	64.32856489522429
1478.8514519965543	64.42521390543313
1500.3618416886875	64.53295643446951
1522.1851072035295	64.62239905705732
1544.3257994247153	64.72574737124427
1566.788535430007	64.83168901383449
1589.5779994541087	64.92662465520561
1612.6989438654878	65.03394798909737
1636.156190157402	65.12295074324926
1659.9546299533442	65.23003964819848
1684.099226027109	65.33700945120476
1708.5950133376978	65.44385489184603
1733.4471000792773	65.55056568981728
1758.6606687464096	65.65713753930733
1784.2409772147755	65.780274088818
1810.193359837619	65.88497391150543
1836.5232285581387	65.99421650686625
1863.2360740380593	66.12127826820222
1890.3374668026197	66.25283645167694
1917.833058402214	66.38426317442409
1945.7285825909298	66.48806235940461
1974.0298565222283	66.61903174057058
2002.7427819620161	66.77719780867098
2031.8733465193618	66.90774578010479
2061.4276248951132	67.06545158462184
2091.411780148677	67.22291980377766
2121.832064983222	67.38014164611336
2152.694823049581	67.53710590998422
2184.0064902691106	67.70565093102391
2215.7735961758003	67.87758253759922
2248.002765277899	68.06111100865698
2280.7007184393456	68.2169220138533
2313.874274281297	68.42028255571202
2347.530350604038	68.60969191669389
2381.6759658295764	68.79188559996692
2416.318240465218	68.9801892416678
2451.4643985884327	69.18435354023653
2487.1217693533167	69.36360821661766
2523.2977885189675	69.54427386501146
2560.0000000000887	69.73958993499689
2597.236057440151	69.90422558263826
2635.0137258074315	70.08352559754599
2673.340883014273	70.23599631355046
2712.225521559891	70.38580047290621
2751.6757501970797	70.52781015019322
2791.699795623158	70.63107361674402
2832.3060041955137	70.71303826838248
2873.502843672097	70.79010850246074
2915.2989049772345	70.8516706597365
2957.7029039931244	70.88304994864433
3000.723683377391	70.89913242964595
3044.370214407075	70.88583403420381
3088.6515988494466	70.84448065771896
3133.57707086003	70.79035834185247
3179.1559989082334	70.7152785905045
3225.3978877309914	70.63144285313325
3272.3123803148205	70.52993423367691
3319.9092599067053	70.40371150354288
3368.198452054235	70.27360147555567
3417.190026675413	70.11930788223687
3466.8942001585724	69.93641782589029
3517.3213374928373	69.7796649783232
3568.4819544295697	69.59433361686528
3620.386719675257	69.42287264193246
3673.0464571162966	69.24738564094697
3726.472148076138	69.08590101688
3780.6749336052594	68.8959859868985
3835.6661168044484	68.73255513433442
3891.45716518188	68.56849884805763
3948.059713044477	68.43140559513044
4005.4855639240527	68.27833960727892
4063.746693038744	68.1399951839603
4122.855249790247	68.02069064192534
4182.823560297375	67.88454514643924
4243.664129966465	67.76858542663027
4305.389646099183	67.65680270927527
4368.012980538242	67.56265714858814
4431.5471923516225	67.45532898330903
4496.00553055582	67.36036424313926
4561.401436878714	67.27009714078493
4627.748548562617	67.18106621642796
4695.060701208099	67.09968462738631
4763.351931659176	67.02858074602166
4832.63648093046	66.94208709895258
4902.928797176889	66.87541984796769
4974.243538706657	66.80138261736863
5046.595577037959	66.73070357554249
5120.000000000202	66.66854156592824
5194.472114880326	66.5885130939429
5270.027451614888	66.51304167742875
5346.6817660285715	66.4463500914135
5424.451043119808	66.38211648839813
5503.351500394186	66.302069322701
5583.399591246343	66.23471871890034
5664.612008391055	66.15966048112574
5747.005687344222	66.08824054396496
5830.597809954497	66.00277830221177
5915.405807986278	65.91626100560342
6001.447366754812	65.84699222943259
6088.740428814181	65.75846131129603
6177.303197698925	65.67407660670843
6267.154141720092	65.59672537741481
6358.3119978165005	65.50533713892877
6450.795775462017	65.41308329698452
6544.624760629676	65.33830193184623
6639.818519813445	65.24452959614244
6736.396904108505	65.15006105207326
6834.380053350861	65.05489187015293
6933.788400317181	64.95924289217646
7034.642674985712	64.86298661640413
7136.963908859177	64.76626367266647
7240.773439350552	64.669113716682
7346.092914232631	64.5714743144319
7452.944296152315	64.47355473750758
7561.349867210557	64.37521809685786
7671.332233608935	64.27656384329363
7782.914330363799	64.17771229046576
7896.119426088994	64.07867509174311
8010.971127848146	63.97983965755283
8127.49338607753	63.881473017999426
8245.710499580537	63.76595566971241
8365.647120594791	63.67064399114789
8487.328259932974	63.54185394021008
8610.77929219841	63.43378967835838
8736.025961076528	63.306950798296285
8863.094384703289	63.18601219584182
8992.011061111683	63.04376757266617
9122.802873757471	62.87960957986988
9255.497097125279	62.738071731359554
9390.121402416245	62.59068036044483
9526.7038633184	62.4360261741599
9665.272961860968	62.259899575342764
9805.857594353829	62.0838429088077
9948.487077413367	61.920749817549414
10093.19115407597	61.78568130176625
10240.000000000457	61.60842717318696
10388.944229760706	61.4305669660355
10540.05490322983	61.273934378347
10693.363532057198	61.0901928502477
10848.902086239672	60.94820506675465
11006.703000788428	60.768024245875665
11166.799182492743	60.59036469155276
11329.224016782166	60.40603888422159
11494.0113746885	60.24536192095138
11661.195619909053	60.09667363250064
11830.811615972614	59.91375991901922
12002.894733509682	59.73729908061427
12177.48085762842	59.548500012137104
12354.606395397908	59.361406209053015
12534.308283440243	59.17602955725487
12716.62399563306	59.00568190441941
12901.591550924093	58.84162443023664
13089.249521259411	58.64946783024075
13279.637039626952	58.456567311517226
13472.793808217073	58.26290041630564
13668.760106701786	58.068446688570454
13867.576800634426	57.90056214766105
14069.285349971487	57.70448058670154
14273.927817718419	57.529273642270965
14481.54687870117	57.336117593208364
14692.18582846533	57.11096981858264
14905.888592304698	56.89228279940513
15122.699734421185	56.696256488886355
15342.664467217943	56.49915282292039
15565.828660727671	56.305809980808014
15792.238852178061	56.129027841661866
16021.942255696367	55.92343776454522
16254.986772155136	55.71626529786442
16491.42099916115	55.50725561168468
16731.294241189662	55.32346093473295
16974.65651986603	55.13275472089298
17221.558584396902	54.89238047815374
17472.051922153143	54.67073420706314
17726.188769406665	54.443089748874506
17984.022122223458	54.206960819405865
18245.605747515034	53.95828621513837
18510.99419425065	53.69016339829274
18780.242804832582	53.417836892275915
19053.40772663689	53.16313345317376
19330.545923722028	52.85802736764308
19611.71518870775	52.510449529350204
19896.974154826825	52.17067476353645
20186.382308152035	52.262839005700954